1001 1 1 300 1 5 2023 7 5 2023
1002 3 2 350 10 5 2023 15 5 2023
1003 5 3 400 20 5 2023 25 5 2023
1004 4 4 250 1 6 2023 5 6 2023
1005 2 5 375 10 6 2023 17 6 2023
1006 6 6 420 18 6 2023 25 6 2023
1007 7 7 310 2 7 2023 8 7 2023
1008 8 8 270 12 7 2023 18 7 2023
1009 9 9 500 22 7 2023 29 7 2023
1010 10 10 550 1 8 2023 7 8 2023
1011 11 11 470 10 8 2023 17 8 2023
1012 12 12 460 20 8 2023 26 8 2023
1013 13 13 350 1 9 2023 7 9 2023
1014 14 14 360 10 9 2023 16 9 2023
1015 15 15 420 20 9 2023 27 9 2023
1016 16 16 340 1 10 2023 7 10 2023
1017 17 17 380 10 10 2023 16 10 2023
1018 18 18 390 20 10 2023 27 10 2023
1019 19 19 450 1 11 2023 8 11 2023
1020 20 20 520 10 11 2023 17 11 2023

